variables =  "itimes"  "TIME"  "phitot"  "ZSOLTHK"  "thickness"  "tip_vel"
          0  0.00000E+00 0.23604E-01 0.12000E+02 0.33333E+00   -Infinity
       1000  0.10000E-01 0.10022E+00 0.37000E+02 0.10909E+01 0.72727E+02
       2000  0.20000E-01 0.17435E+00 0.66000E+02 0.19697E+01 0.80303E+02
       3000  0.30000E-01 0.24851E+00 0.94000E+02 0.28182E+01 0.81818E+02
       4000  0.40000E-01 0.32265E+00 0.12300E+03 0.36970E+01 0.83333E+02
       5000  0.50000E-01 0.39679E+00 0.15100E+03 0.45455E+01 0.83636E+02
       6000  0.60000E-01 0.47095E+00 0.18000E+03 0.54242E+01 0.84343E+02
       7000  0.70000E-01 0.54507E+00 0.20800E+03 0.62727E+01 0.84416E+02
       8000  0.80000E-01 0.61921E+00 0.23700E+03 0.71515E+01 0.84848E+02
       9000  0.90000E-01 0.69336E+00 0.26600E+03 0.80303E+01 0.85185E+02
      10000  0.10000E+00 0.76752E+00 0.29400E+03 0.88788E+01 0.85152E+02
      11000  0.11000E+00 0.84166E+00 0.32300E+03 0.97576E+01 0.85399E+02
      12000  0.12000E+00 0.91580E+00 0.35100E+03 0.10606E+02 0.85354E+02
      13000  0.13000E+00 0.98992E+00 0.38000E+03 0.11485E+02 0.85548E+02
      14000  0.14000E+00 0.10496E+01 0.40100E+03 0.12121E+02 0.83983E+02
      14000  0.14000E+00 0.10496E+01 0.40100E+03 0.12121E+02 0.83983E+02
