variables =  "itimes"  "TIME"  "phitot"  "ZSOLTHK"  "thickness"  "tip_vel"
          0  0.00000E+00 0.23357E-01 0.12000E+02 0.33333E+00   -Infinity
       1000  0.10000E-01 0.72737E-01 0.30000E+02 0.87879E+00 0.51515E+02
       2000  0.20000E-01 0.11739E+00 0.49000E+02 0.14545E+01 0.54545E+02
       3000  0.30000E-01 0.16283E+00 0.68000E+02 0.20303E+01 0.55556E+02
       4000  0.40000E-01 0.20840E+00 0.88000E+02 0.26364E+01 0.56818E+02
       5000  0.50000E-01 0.25592E+00 0.10700E+03 0.32121E+01 0.56970E+02
       6000  0.60000E-01 0.30388E+00 0.12600E+03 0.37879E+01 0.57071E+02
       7000  0.70000E-01 0.35224E+00 0.14500E+03 0.43636E+01 0.57143E+02
       8000  0.80000E-01 0.40089E+00 0.16500E+03 0.49697E+01 0.57576E+02
       9000  0.90000E-01 0.44977E+00 0.18400E+03 0.55455E+01 0.57576E+02
      10000  0.10000E+00 0.49881E+00 0.20300E+03 0.61212E+01 0.57576E+02
      11000  0.11000E+00 0.54791E+00 0.22200E+03 0.66970E+01 0.57576E+02
      12000  0.12000E+00 0.59709E+00 0.24200E+03 0.73030E+01 0.57828E+02
      13000  0.13000E+00 0.64631E+00 0.26100E+03 0.78788E+01 0.57809E+02
      14000  0.14000E+00 0.69561E+00 0.28000E+03 0.84545E+01 0.57792E+02
      15000  0.15000E+00 0.74492E+00 0.30000E+03 0.90606E+01 0.57980E+02
      16000  0.16000E+00 0.79426E+00 0.31900E+03 0.96364E+01 0.57955E+02
      17000  0.17000E+00 0.84365E+00 0.33800E+03 0.10212E+02 0.57932E+02
      18000  0.18000E+00 0.89302E+00 0.35700E+03 0.10788E+02 0.57912E+02
      19000  0.19000E+00 0.94244E+00 0.37700E+03 0.11394E+02 0.58054E+02
      20000  0.20000E+00 0.99191E+00 0.39600E+03 0.11970E+02 0.58030E+02
      21000  0.21000E+00 0.10192E+01 0.40100E+03 0.12121E+02 0.55988E+02
      21000  0.21000E+00 0.10192E+01 0.40100E+03 0.12121E+02 0.55988E+02
