variables =  "itimes"  "TIME"  "phitot"  "ZSOLTHK"  "thickness"  "tip_vel"
          0  0.00000E+00 0.23654E-01 0.12000E+02 0.33333E+00   -Infinity
       1000  0.10000E-01 0.59557E-01 0.22000E+02 0.63636E+00 0.27273E+02
       2000  0.20000E-01 0.86006E-01 0.33000E+02 0.96970E+00 0.30303E+02
       3000  0.30000E-01 0.11195E+00 0.43000E+02 0.12727E+01 0.30303E+02
       4000  0.40000E-01 0.13689E+00 0.54000E+02 0.16061E+01 0.31061E+02
       5000  0.50000E-01 0.16158E+00 0.64000E+02 0.19091E+01 0.30909E+02
       6000  0.60000E-01 0.18617E+00 0.74000E+02 0.22121E+01 0.30808E+02
       7000  0.70000E-01 0.21065E+00 0.85000E+02 0.25455E+01 0.31169E+02
       8000  0.80000E-01 0.23497E+00 0.95000E+02 0.28485E+01 0.31061E+02
       9000  0.90000E-01 0.25919E+00 0.10500E+03 0.31515E+01 0.30976E+02
      10000  0.10000E+00 0.28338E+00 0.11500E+03 0.34545E+01 0.30909E+02
      11000  0.11000E+00 0.30759E+00 0.12600E+03 0.37879E+01 0.31129E+02
      12000  0.12000E+00 0.33177E+00 0.13600E+03 0.40909E+01 0.31061E+02
      13000  0.13000E+00 0.35589E+00 0.14600E+03 0.43939E+01 0.31002E+02
      14000  0.14000E+00 0.37996E+00 0.15700E+03 0.47273E+01 0.31169E+02
      15000  0.15000E+00 0.40398E+00 0.16700E+03 0.50303E+01 0.31111E+02
      16000  0.16000E+00 0.42801E+00 0.17800E+03 0.53636E+01 0.31250E+02
      17000  0.17000E+00 0.45191E+00 0.18800E+03 0.56667E+01 0.31194E+02
      18000  0.18000E+00 0.47566E+00 0.19800E+03 0.59697E+01 0.31145E+02
      19000  0.19000E+00 0.49935E+00 0.20900E+03 0.63030E+01 0.31260E+02
      20000  0.20000E+00 0.52302E+00 0.21900E+03 0.66061E+01 0.31212E+02
      21000  0.21000E+00 0.54668E+00 0.22900E+03 0.69091E+01 0.31169E+02
      22000  0.22000E+00 0.57027E+00 0.24000E+03 0.72424E+01 0.31267E+02
      23000  0.23000E+00 0.59380E+00 0.25000E+03 0.75455E+01 0.31225E+02
      24000  0.24000E+00 0.61733E+00 0.26100E+03 0.78788E+01 0.31313E+02
      25000  0.25000E+00 0.64088E+00 0.27100E+03 0.81818E+01 0.31273E+02
      26000  0.26000E+00 0.66438E+00 0.28100E+03 0.84848E+01 0.31235E+02
      27000  0.27000E+00 0.68794E+00 0.29200E+03 0.88182E+01 0.31313E+02
      28000  0.28000E+00 0.71149E+00 0.30200E+03 0.91212E+01 0.31277E+02
      29000  0.29000E+00 0.73499E+00 0.31200E+03 0.94242E+01 0.31243E+02
      30000  0.30000E+00 0.75846E+00 0.32300E+03 0.97576E+01 0.31313E+02
      31000  0.31000E+00 0.78188E+00 0.33300E+03 0.10061E+02 0.31281E+02
      32000  0.32000E+00 0.80520E+00 0.34300E+03 0.10364E+02 0.31250E+02
      33000  0.33000E+00 0.82843E+00 0.35400E+03 0.10697E+02 0.31313E+02
      34000  0.34000E+00 0.85168E+00 0.36400E+03 0.11000E+02 0.31283E+02
      35000  0.35000E+00 0.87491E+00 0.37400E+03 0.11303E+02 0.31255E+02
      36000  0.36000E+00 0.89809E+00 0.38500E+03 0.11636E+02 0.31313E+02
      37000  0.37000E+00 0.92123E+00 0.39500E+03 0.11939E+02 0.31286E+02
      38000  0.38000E+00 0.94601E+00 0.40100E+03 0.12121E+02 0.30941E+02
      38000  0.38000E+00 0.94601E+00 0.40100E+03 0.12121E+02 0.30941E+02
