variables =  "itimes"  "TIME"  "phitot"  "ZSOLTHK"  "thickness"  "tip_vel"
          0  0.00000E+00 0.24098E-01 0.12000E+02 0.33333E+00   -Infinity
       1000  0.10000E-01 0.61518E-01 0.28000E+02 0.81818E+00 0.45455E+02
       2000  0.20000E-01 0.90484E-01 0.46000E+02 0.13636E+01 0.50000E+02
       3000  0.30000E-01 0.11915E+00 0.65000E+02 0.19394E+01 0.52525E+02
       4000  0.40000E-01 0.14763E+00 0.84000E+02 0.25152E+01 0.53788E+02
       5000  0.50000E-01 0.17604E+00 0.10200E+03 0.30606E+01 0.53939E+02
       6000  0.60000E-01 0.20437E+00 0.12100E+03 0.36364E+01 0.54545E+02
       7000  0.70000E-01 0.23263E+00 0.14000E+03 0.42121E+01 0.54978E+02
       8000  0.80000E-01 0.26084E+00 0.15800E+03 0.47576E+01 0.54924E+02
       9000  0.90000E-01 0.28902E+00 0.17700E+03 0.53333E+01 0.55219E+02
      10000  0.10000E+00 0.31718E+00 0.19600E+03 0.59091E+01 0.55455E+02
      11000  0.11000E+00 0.34533E+00 0.21500E+03 0.64848E+01 0.55647E+02
      12000  0.12000E+00 0.37347E+00 0.23300E+03 0.70303E+01 0.55556E+02
      13000  0.13000E+00 0.40159E+00 0.25200E+03 0.76061E+01 0.55711E+02
      14000  0.14000E+00 0.42968E+00 0.27100E+03 0.81818E+01 0.55844E+02
      15000  0.15000E+00 0.45779E+00 0.29000E+03 0.87576E+01 0.55960E+02
      16000  0.16000E+00 0.48587E+00 0.30800E+03 0.93030E+01 0.55871E+02
      17000  0.17000E+00 0.51394E+00 0.32700E+03 0.98788E+01 0.55971E+02
      18000  0.18000E+00 0.54201E+00 0.34600E+03 0.10455E+02 0.56061E+02
      19000  0.19000E+00 0.57003E+00 0.36400E+03 0.11000E+02 0.55981E+02
      20000  0.20000E+00 0.59804E+00 0.38300E+03 0.11576E+02 0.56061E+02
      21000  0.21000E+00 0.63029E+00 0.40100E+03 0.12121E+02 0.55988E+02
      21000  0.21000E+00 0.63029E+00 0.40100E+03 0.12121E+02 0.55988E+02
