variables =  "itimes"  "TIME"  "phitot"  "ZSOLTHK"  "thickness"  "tip_vel"
          0  0.00000E+00 0.24419E-01 0.12000E+02 0.33333E+00   -Infinity
       1000  0.10000E-01 0.82919E-01 0.31000E+02 0.90909E+00 0.54545E+02
       2000  0.20000E-01 0.13653E+00 0.52000E+02 0.15455E+01 0.59091E+02
       3000  0.30000E-01 0.19001E+00 0.72000E+02 0.21515E+01 0.59596E+02
       4000  0.40000E-01 0.24343E+00 0.93000E+02 0.27879E+01 0.60606E+02
       5000  0.50000E-01 0.29683E+00 0.11300E+03 0.33939E+01 0.60606E+02
       6000  0.60000E-01 0.35022E+00 0.13400E+03 0.40303E+01 0.61111E+02
       7000  0.70000E-01 0.40362E+00 0.15400E+03 0.46364E+01 0.61039E+02
       8000  0.80000E-01 0.45700E+00 0.17500E+03 0.52727E+01 0.61364E+02
       9000  0.90000E-01 0.51040E+00 0.19500E+03 0.58788E+01 0.61279E+02
      10000  0.10000E+00 0.56376E+00 0.21600E+03 0.65152E+01 0.61515E+02
      11000  0.11000E+00 0.61713E+00 0.23600E+03 0.71212E+01 0.61433E+02
      12000  0.12000E+00 0.67049E+00 0.25700E+03 0.77576E+01 0.61616E+02
      13000  0.13000E+00 0.72385E+00 0.27800E+03 0.83939E+01 0.61772E+02
      14000  0.14000E+00 0.77722E+00 0.29800E+03 0.90000E+01 0.61688E+02
      15000  0.15000E+00 0.83057E+00 0.31900E+03 0.96364E+01 0.61818E+02
      16000  0.16000E+00 0.88395E+00 0.33900E+03 0.10242E+02 0.61742E+02
      17000  0.17000E+00 0.93731E+00 0.36000E+03 0.10879E+02 0.61854E+02
      18000  0.18000E+00 0.99067E+00 0.38000E+03 0.11485E+02 0.61785E+02
      19000  0.19000E+00 0.10493E+01 0.40100E+03 0.12121E+02 0.61882E+02
      19000  0.19000E+00 0.10493E+01 0.40100E+03 0.12121E+02 0.61882E+02
