variables =  "itimes"  "TIME"  "phitot"  "ZSOLTHK"  "thickness"  "tip_vel"
          0  0.00000E+00 0.24172E-01 0.12000E+02 0.33333E+00   -Infinity
       1000  0.10000E-01 0.44879E-01 0.17000E+02 0.48485E+00 0.12121E+02
       2000  0.20000E-01 0.57812E-01 0.22000E+02 0.63636E+00 0.13636E+02
       3000  0.30000E-01 0.69010E-01 0.27000E+02 0.78788E+00 0.14141E+02
       4000  0.40000E-01 0.79453E-01 0.32000E+02 0.93939E+00 0.14394E+02
       5000  0.50000E-01 0.89738E-01 0.37000E+02 0.10909E+01 0.14545E+02
       6000  0.60000E-01 0.10016E+00 0.42000E+02 0.12424E+01 0.14646E+02
       7000  0.70000E-01 0.11079E+00 0.47000E+02 0.13939E+01 0.14719E+02
       8000  0.80000E-01 0.12162E+00 0.52000E+02 0.15455E+01 0.14773E+02
       9000  0.90000E-01 0.13234E+00 0.58000E+02 0.17273E+01 0.15152E+02
      10000  0.10000E+00 0.14311E+00 0.63000E+02 0.18788E+01 0.15152E+02
      11000  0.11000E+00 0.15388E+00 0.68000E+02 0.20303E+01 0.15152E+02
      12000  0.12000E+00 0.16450E+00 0.73000E+02 0.21818E+01 0.15152E+02
      13000  0.13000E+00 0.17511E+00 0.78000E+02 0.23333E+01 0.15152E+02
      14000  0.14000E+00 0.18582E+00 0.83000E+02 0.24848E+01 0.15152E+02
      15000  0.15000E+00 0.19647E+00 0.88000E+02 0.26364E+01 0.15152E+02
      16000  0.16000E+00 0.20720E+00 0.93000E+02 0.27879E+01 0.15152E+02
      17000  0.17000E+00 0.21786E+00 0.98000E+02 0.29394E+01 0.15152E+02
      18000  0.18000E+00 0.22835E+00 0.10300E+03 0.30909E+01 0.15152E+02
      19000  0.19000E+00 0.23889E+00 0.10800E+03 0.32424E+01 0.15152E+02
      20000  0.20000E+00 0.24948E+00 0.11300E+03 0.33939E+01 0.15152E+02
      21000  0.21000E+00 0.25998E+00 0.11800E+03 0.35455E+01 0.15152E+02
      22000  0.22000E+00 0.27050E+00 0.12300E+03 0.36970E+01 0.15152E+02
      23000  0.23000E+00 0.28106E+00 0.12800E+03 0.38485E+01 0.15152E+02
      24000  0.24000E+00 0.29152E+00 0.13300E+03 0.40000E+01 0.15152E+02
      25000  0.25000E+00 0.30198E+00 0.13800E+03 0.41515E+01 0.15152E+02
      26000  0.26000E+00 0.31245E+00 0.14400E+03 0.43333E+01 0.15268E+02
      27000  0.27000E+00 0.32293E+00 0.14900E+03 0.44848E+01 0.15264E+02
      28000  0.28000E+00 0.33343E+00 0.15400E+03 0.46364E+01 0.15260E+02
      29000  0.29000E+00 0.34396E+00 0.15900E+03 0.47879E+01 0.15256E+02
      30000  0.30000E+00 0.35445E+00 0.16400E+03 0.49394E+01 0.15253E+02
      31000  0.31000E+00 0.36502E+00 0.16900E+03 0.50909E+01 0.15249E+02
      32000  0.32000E+00 0.37543E+00 0.17400E+03 0.52424E+01 0.15246E+02
      33000  0.33000E+00 0.38579E+00 0.17900E+03 0.53939E+01 0.15243E+02
      34000  0.34000E+00 0.39617E+00 0.18400E+03 0.55455E+01 0.15241E+02
      35000  0.35000E+00 0.40658E+00 0.18900E+03 0.56970E+01 0.15238E+02
      36000  0.36000E+00 0.41703E+00 0.19400E+03 0.58485E+01 0.15236E+02
      37000  0.37000E+00 0.42752E+00 0.19900E+03 0.60000E+01 0.15233E+02
      38000  0.38000E+00 0.43790E+00 0.20400E+03 0.61515E+01 0.15231E+02
      39000  0.39000E+00 0.44829E+00 0.20900E+03 0.63030E+01 0.15229E+02
      40000  0.40000E+00 0.45866E+00 0.21400E+03 0.64545E+01 0.15227E+02
      41000  0.41000E+00 0.46903E+00 0.21900E+03 0.66061E+01 0.15225E+02
      42000  0.42000E+00 0.47943E+00 0.22400E+03 0.67576E+01 0.15224E+02
      43000  0.43000E+00 0.48984E+00 0.22900E+03 0.69091E+01 0.15222E+02
      44000  0.44000E+00 0.50030E+00 0.23500E+03 0.70909E+01 0.15289E+02
      45000  0.45000E+00 0.51071E+00 0.24000E+03 0.72424E+01 0.15286E+02
      46000  0.46000E+00 0.52116E+00 0.24500E+03 0.73939E+01 0.15283E+02
      47000  0.47000E+00 0.53154E+00 0.25000E+03 0.75455E+01 0.15280E+02
      48000  0.48000E+00 0.54191E+00 0.25500E+03 0.76970E+01 0.15278E+02
      49000  0.49000E+00 0.55220E+00 0.26000E+03 0.78485E+01 0.15275E+02
      50000  0.50000E+00 0.56251E+00 0.26500E+03 0.80000E+01 0.15273E+02
      51000  0.51000E+00 0.57284E+00 0.27000E+03 0.81515E+01 0.15270E+02
      52000  0.52000E+00 0.58321E+00 0.27500E+03 0.83030E+01 0.15268E+02
      53000  0.53000E+00 0.59362E+00 0.28000E+03 0.84545E+01 0.15266E+02
      54000  0.54000E+00 0.60406E+00 0.28500E+03 0.86061E+01 0.15264E+02
      55000  0.55000E+00 0.61451E+00 0.29000E+03 0.87576E+01 0.15262E+02
      56000  0.56000E+00 0.62493E+00 0.29500E+03 0.89091E+01 0.15260E+02
      57000  0.57000E+00 0.63534E+00 0.30000E+03 0.90606E+01 0.15258E+02
      58000  0.58000E+00 0.64579E+00 0.30500E+03 0.92121E+01 0.15256E+02
      59000  0.59000E+00 0.65623E+00 0.31000E+03 0.93636E+01 0.15254E+02
      60000  0.60000E+00 0.66666E+00 0.31500E+03 0.95152E+01 0.15253E+02
      61000  0.61000E+00 0.67709E+00 0.32000E+03 0.96667E+01 0.15251E+02
      62000  0.62000E+00 0.68754E+00 0.32500E+03 0.98182E+01 0.15249E+02
      63000  0.63000E+00 0.69802E+00 0.33100E+03 0.10000E+02 0.15296E+02
      64000  0.64000E+00 0.70852E+00 0.33600E+03 0.10152E+02 0.15294E+02
      65000  0.65000E+00 0.71895E+00 0.34100E+03 0.10303E+02 0.15291E+02
      66000  0.66000E+00 0.72936E+00 0.34600E+03 0.10455E+02 0.15289E+02
      67000  0.67000E+00 0.73977E+00 0.35100E+03 0.10606E+02 0.15287E+02
      68000  0.68000E+00 0.75018E+00 0.35600E+03 0.10758E+02 0.15285E+02
      69000  0.69000E+00 0.76065E+00 0.36100E+03 0.10909E+02 0.15283E+02
      70000  0.70000E+00 0.77101E+00 0.36600E+03 0.11061E+02 0.15281E+02
      71000  0.71000E+00 0.78137E+00 0.37100E+03 0.11212E+02 0.15280E+02
      72000  0.72000E+00 0.79173E+00 0.37600E+03 0.11364E+02 0.15278E+02
      73000  0.73000E+00 0.80214E+00 0.38100E+03 0.11515E+02 0.15276E+02
      74000  0.74000E+00 0.81254E+00 0.38600E+03 0.11667E+02 0.15274E+02
      75000  0.75000E+00 0.82287E+00 0.39100E+03 0.11818E+02 0.15273E+02
      76000  0.76000E+00 0.83320E+00 0.39600E+03 0.11970E+02 0.15271E+02
      77000  0.77000E+00 0.84648E+00 0.40100E+03 0.12121E+02 0.15270E+02
      77000  0.77000E+00 0.84648E+00 0.40100E+03 0.12121E+02 0.15270E+02
